Camera:
  color_order: RGB
  cols: 640
  cx: 320.1850416173999
  cy: 237.4802806803145
  fps: 30.0
  fx: 249.97886586181247
  fy: 250.2626620561474
  k1: -0.010295499575753483
  k2: 0.0028094480867984733
  k3: -0.006891114357184674
  model: perspective
  name: Nargess' Webcam
  p1: 0.0037278576113519437
  p2: -0.0017991679127144853
  rows: 480
  setup: monocular
Feature:
  ini_fast_threshold: 20
  min_fast_threshold: 7
  name: default ORB feature extraction setting
  num_levels: 8
  scale_factor: 1.2
Mapping:
  baseline_dist_thr_ratio: 0.02
  num_covisibilities_for_landmark_fusion: 20
  num_covisibilities_for_landmark_generation: 20
  redundant_obs_ratio_thr: 0.9
PangolinViewer:
  camera_line_width: 3
  camera_size: 0.08
  graph_line_width: 1
  keyframe_line_width: 1
  keyframe_size: 0.05
  point_size: 2
  viewpoint_f: 400
  viewpoint_x: 0
  viewpoint_y: -0.9
  viewpoint_z: -1.9
Preprocessing:
  min_size: 800
