Camera:
  color_order: RGB
  cols: 640
  cx: 319.22642471886945
  cy: 229.28762023092386
  fps: 30.0
  fx: 360.21993744012076
  fy: 361.48057067130884
  k1: -0.06388569089128612
  k2: 0.20472998974763568
  k3: -0.2018074745075456
  model: perspective
  name: Nargess' Webcam
  p1: -0.0003038035772181695
  p2: -0.00022853054129451397
  rows: 480
  setup: monocular
Feature:
  ini_fast_threshold: 20
  min_fast_threshold: 7
  name: default ORB feature extraction setting
  num_levels: 8
  scale_factor: 1.2
Mapping:
  baseline_dist_thr_ratio: 0.02
  num_covisibilities_for_landmark_fusion: 20
  num_covisibilities_for_landmark_generation: 20
  redundant_obs_ratio_thr: 0.9
PangolinViewer:
  camera_line_width: 3
  camera_size: 0.08
  graph_line_width: 1
  keyframe_line_width: 1
  keyframe_size: 0.05
  point_size: 2
  viewpoint_f: 400
  viewpoint_x: 0
  viewpoint_y: -0.9
  viewpoint_z: -1.9
Preprocessing:
  min_size: 800
