Camera:
  color_order: RGB
  cols: 640
  cx: 316.647256375275
  cy: 234.67010009224907
  fps: 30.0
  fx: 253.22961077957248
  fy: 252.6685966430668
  k1: -0.031242279646968626
  k2: 0.04265043792263747
  k3: -0.027720755587072207
  model: perspective
  name: Nargess' Webcam
  p1: -0.00036081839236598004
  p2: -0.005173141359998382
  rows: 480
  setup: monocular
Feature:
  ini_fast_threshold: 20
  min_fast_threshold: 7
  name: default ORB feature extraction setting
  num_levels: 8
  scale_factor: 1.2
Mapping:
  baseline_dist_thr_ratio: 0.02
  num_covisibilities_for_landmark_fusion: 20
  num_covisibilities_for_landmark_generation: 20
  redundant_obs_ratio_thr: 0.9
PangolinViewer:
  camera_line_width: 3
  camera_size: 0.08
  graph_line_width: 1
  keyframe_line_width: 1
  keyframe_size: 0.05
  point_size: 2
  viewpoint_f: 400
  viewpoint_x: 0
  viewpoint_y: -0.9
  viewpoint_z: -1.9
Preprocessing:
  min_size: 800
