Camera:
  color_order: RGB
  cols: 640
  cx: 337.27747302010226
  cy: 241.21048564436344
  fps: 30.0
  fx: 253.43090116228416
  fy: 248.60296770187932
  k1: -0.012899266439124885
  k2: -0.010762656964434073
  k3: 0.07662984212953058
  model: perspective
  name: Nargess' Webcam
  p1: -0.004851910732383788
  p2: 0.03757608885110822
  rows: 480
  setup: monocular
Feature:
  ini_fast_threshold: 20
  min_fast_threshold: 7
  name: default ORB feature extraction setting
  num_levels: 8
  scale_factor: 1.2
Mapping:
  baseline_dist_thr_ratio: 0.02
  num_covisibilities_for_landmark_fusion: 20
  num_covisibilities_for_landmark_generation: 20
  redundant_obs_ratio_thr: 0.9
PangolinViewer:
  camera_line_width: 3
  camera_size: 0.08
  graph_line_width: 1
  keyframe_line_width: 1
  keyframe_size: 0.05
  point_size: 2
  viewpoint_f: 400
  viewpoint_x: 0
  viewpoint_y: -0.9
  viewpoint_z: -1.9
Preprocessing:
  min_size: 800
